evo_ape kitti 04.txt trajectory.txt -va --plot --plot_mode xyz
--------------------------------------------------------------------------------
Loaded 271 poses from: 04.txt
Loaded 271 poses from: trajectory.txt
--------------------------------------------------------------------------------
Aligning using Umeyama's method...
Rotation of alignment:
[[ 0.24540255 -0.96922566 -0.01947342]
 [ 0.96937345  0.24554044 -0.00500087]
 [ 0.00962848 -0.01764979  0.99979787]]
Translation of alignment:
[ 0.20471218  0.02245544 -2.71111367]
Scale correction: 1.0
--------------------------------------------------------------------------------
Compared 271 absolute pose pairs.
Calculating APE for translation part pose relation...
--------------------------------------------------------------------------------
APE w.r.t. translation part (m)
(with SE(3) Umeyama alignment)

       max      2.718924
      mean      1.465815
    median      1.436506
       min      0.162684
      rmse      1.643723
       sse      732.194603
       std      0.743783

--------------------------------------------------------------------------------
Plotting results... 

evo_ape kitti 05.txt trajectory.txt -va --plot --plot_mode xyz
--------------------------------------------------------------------------------
Loaded 2761 poses from: 05.txt
Loaded 2761 poses from: trajectory.txt
--------------------------------------------------------------------------------
Aligning using Umeyama's method...
Rotation of alignment:
[[ 9.99982206e-01 -5.89296731e-03 -9.27863420e-04]
 [ 5.90264414e-03  9.99924291e-01  1.07967962e-02]
 [ 8.64168005e-04 -1.08020809e-02  9.99941282e-01]]
Translation of alignment:
[-0.18829356 -2.82657824 -2.85836552]
Scale correction: 1.0
--------------------------------------------------------------------------------
Compared 2761 absolute pose pairs.
Calculating APE for translation part pose relation...
--------------------------------------------------------------------------------
APE w.r.t. translation part (m)
(with SE(3) Umeyama alignment)

       max      6.450590
      mean      3.297192
    median      3.017492
       min      0.730304
      rmse      3.640624
       sse      36594.686022
       std      1.543590

--------------------------------------------------------------------------------
Plotting results... 

evo_ape kitti 06.txt trajectory.txt -va --plot --plot_mode xyz
--------------------------------------------------------------------------------
Loaded 1101 poses from: 06.txt
Loaded 1101 poses from: trajectory.txt
--------------------------------------------------------------------------------
Aligning using Umeyama's method...
Rotation of alignment:
[[ 0.99983157 -0.00211536 -0.0182305 ]
 [ 0.00204892  0.99999119 -0.00366239]
 [ 0.01823809  0.00362442  0.9998271 ]]
Translation of alignment:
[ 1.49135437  1.70802213 -2.0733796 ]
Scale correction: 1.0
--------------------------------------------------------------------------------
Compared 1101 absolute pose pairs.
Calculating APE for translation part pose relation...
--------------------------------------------------------------------------------
APE w.r.t. translation part (m)
(with SE(3) Umeyama alignment)

       max      6.572695
      mean      2.798679
    median      2.381945
       min      1.143079
      rmse      3.110755
       sse      10654.155568
       std      1.358011

--------------------------------------------------------------------------------
Plotting results... 

evo_ape kitti 07.txt trajectory.txt -va --plot --plot_mode xyz
--------------------------------------------------------------------------------
Loaded 1101 poses from: 07.txt
Loaded 1101 poses from: trajectory.txt
--------------------------------------------------------------------------------
Aligning using Umeyama's method...
Rotation of alignment:
[[ 0.99982915  0.00376642  0.0180964 ]
 [-0.00366214  0.99997652 -0.00579225]
 [-0.01811779  0.00572498  0.99981947]]
Translation of alignment:
[-0.19521615  0.21715926 -3.39961494]
Scale correction: 1.0
--------------------------------------------------------------------------------
Compared 1101 absolute pose pairs.
Calculating APE for translation part pose relation...
--------------------------------------------------------------------------------
APE w.r.t. translation part (m)
(with SE(3) Umeyama alignment)

       max      3.419536
      mean      1.417705
    median      1.257861
       min      0.278068
      rmse      1.596906
       sse      2807.670766
       std      0.734998

--------------------------------------------------------------------------------
Plotting results... 

evo_ape kitti 08.txt trajectory.txt -va --plot --plot_mode xz
--------------------------------------------------------------------------------
Loaded 4071 poses from: 08.txt
Loaded 4071 poses from: trajectory.txt
--------------------------------------------------------------------------------
Aligning using Umeyama's method...
Rotation of alignment:
[[ 0.99706532  0.07240387 -0.0248681 ]
 [-0.0740806   0.99443711 -0.07487924]
 [ 0.01930822  0.07650174  0.99688248]]
Translation of alignment:
[-0.54421041 -4.12857659 -5.3549813 ]
Scale correction: 1.0
--------------------------------------------------------------------------------
Compared 4071 absolute pose pairs.
Calculating APE for translation part pose relation...
--------------------------------------------------------------------------------
APE w.r.t. translation part (m)
(with SE(3) Umeyama alignment)

       max	12.329400
      mean	4.823513
    median	4.211236
       min	1.605107
      rmse	5.325994
       sse	115478.837530
       std	2.258303

--------------------------------------------------------------------------------
Plotting results... 

evo_ape kitti 09.txt trajectory.txt -va --plot --plot_mode xz 
--------------------------------------------------------------------------------
Loaded 1591 poses from: 09.txt
Loaded 1591 poses from: trajectory.txt
--------------------------------------------------------------------------------
Aligning using Umeyama's method...
Rotation of alignment:
[[ 0.99910066 -0.042231    0.00379622]
 [ 0.04234019  0.998459   -0.03587374]
 [-0.00227538  0.03600221  0.99934912]]
Translation of alignment:
[-8.65054026 11.62534979 -7.65681968]
Scale correction: 1.0
--------------------------------------------------------------------------------
Compared 1591 absolute pose pairs.
Calculating APE for translation part pose relation...
--------------------------------------------------------------------------------
APE w.r.t. translation part (m)
(with SE(3) Umeyama alignment)

       max	16.389249
      mean	5.990807
    median	4.399291
       min	1.931891
      rmse	7.084502
       sse	79852.548114
       std	3.781585

--------------------------------------------------------------------------------
Plotting results... 

evo_ape kitti 10.txt trajectory.txt -va --plot --plot_mode xyz
--------------------------------------------------------------------------------
Loaded 1201 poses from: 10.txt
Loaded 1201 poses from: trajectory.txt
--------------------------------------------------------------------------------
Aligning using Umeyama's method...
Rotation of alignment:
[[ 0.99956501 -0.02912517 -0.00463763]
 [ 0.02876127  0.99745768 -0.06519938]
 [ 0.00652479  0.06503763  0.99786148]]
Translation of alignment:
[ 0.51906952 -4.64947887 -1.05502849]
Scale correction: 1.0
--------------------------------------------------------------------------------
Compared 1201 absolute pose pairs.
Calculating APE for translation part pose relation...
--------------------------------------------------------------------------------
APE w.r.t. translation part (m)
(with SE(3) Umeyama alignment)

       max      4.999637
      mean      1.643041
    median      1.282502
       min      0.436743
      rmse      1.922230
       sse      4437.658021
       std      0.997690

--------------------------------------------------------------------------------
Plotting results... 