evo_ape kitti 04.txt trajectory.txt -va --plot --plot_mode xyz
--------------------------------------------------------------------------------
Loaded 271 poses from: 04.txt
Loaded 271 poses from: trajectory.txt
--------------------------------------------------------------------------------
Aligning using Umeyama's method...
Rotation of alignment:
[[ 3.68185556e-01 -9.29606240e-01 -1.64813299e-02]
 [ 9.29728072e-01  3.68246150e-01 -6.96038383e-04]
 [ 6.71622790e-03 -1.50668838e-02  9.99863931e-01]]
Translation of alignment:
[ 0.1035909  -0.20695613 -2.99889081]
Scale correction: 1.0
--------------------------------------------------------------------------------
Compared 271 absolute pose pairs.
Calculating APE for translation part pose relation...
--------------------------------------------------------------------------------
APE w.r.t. translation part (m)
(with SE(3) Umeyama alignment)

       max      3.007808
      mean      1.087906
    median      1.073535
       min      0.061388
      rmse      1.293388
       sse      453.342808
       std      0.699508

--------------------------------------------------------------------------------
Plotting results... 

evo_ape kitti 05.txt trajectory.txt -va --plot --plot_mode xyz
--------------------------------------------------------------------------------
Loaded 2761 poses from: 05.txt
Loaded 2761 poses from: trajectory.txt
--------------------------------------------------------------------------------
Aligning using Umeyama's method...
Rotation of alignment:
[[ 0.99996359 -0.00519749 -0.00676858]
 [ 0.00515352  0.99996561 -0.00649767]
 [ 0.00680212  0.00646255  0.99995598]]
Translation of alignment:
[ 1.01438049  1.40396487 -4.83509291]
Scale correction: 1.0
--------------------------------------------------------------------------------
Compared 2761 absolute pose pairs.
Calculating APE for translation part pose relation...
--------------------------------------------------------------------------------
APE w.r.t. translation part (m)
(with SE(3) Umeyama alignment)

       max      5.679595
      mean      2.431793
    median      2.498006
       min      0.237326
      rmse      2.651680
       sse      19413.709652
       std      1.057254

--------------------------------------------------------------------------------
Plotting results... 

evo_ape kitti 06.txt trajectory.txt -va --plot --plot_mode xyz
--------------------------------------------------------------------------------
Loaded 1101 poses from: 06.txt
Loaded 1101 poses from: trajectory.txt
--------------------------------------------------------------------------------
Aligning using Umeyama's method...
Rotation of alignment:
[[ 0.99835841 -0.05663487  0.00854214]
 [ 0.05664607  0.99839374 -0.00107555]
 [-0.0084675   0.00155766  0.99996294]]
Translation of alignment:
[-3.73550016  1.63575095 -1.59067131]
Scale correction: 1.0
--------------------------------------------------------------------------------
Compared 1101 absolute pose pairs.
Calculating APE for translation part pose relation...
--------------------------------------------------------------------------------
APE w.r.t. translation part (m)
(with SE(3) Umeyama alignment)

       max      9.142863
      mean      3.657977
    median      3.001880
       min      0.337698
      rmse      4.211904
       sse      19531.887316
       std      2.087902

--------------------------------------------------------------------------------
Plotting results... 

evo_ape kitti 07.txt trajectory.txt -va --plot --plot_mode xyz
--------------------------------------------------------------------------------
Loaded 1101 poses from: 07.txt
Loaded 1101 poses from: trajectory.txt
--------------------------------------------------------------------------------
Aligning using Umeyama's method...
Rotation of alignment:
[[ 0.99998316 -0.00119076  0.00568075]
 [ 0.00134955  0.99960612 -0.02803174]
 [-0.00564513  0.02803893  0.99959089]]
Translation of alignment:
[ 0.82773664  2.0987027  -3.04253998]
Scale correction: 1.0
--------------------------------------------------------------------------------
Compared 1101 absolute pose pairs.
Calculating APE for translation part pose relation...
--------------------------------------------------------------------------------
APE w.r.t. translation part (m)
(with SE(3) Umeyama alignment)

       max      3.787710
      mean      1.313478
    median      0.995804
       min      0.213186
      rmse      1.597329
       sse      2809.156220
       std      0.908974

--------------------------------------------------------------------------------
Plotting results... 

evo_ape kitti 09.txt trajectory.txt -va --plot --plot_mode xyz
--------------------------------------------------------------------------------
Loaded 1591 poses from: 09.txt
Loaded 1591 poses from: trajectory.txt
--------------------------------------------------------------------------------
Aligning using Umeyama's method...
Rotation of alignment:
[[ 9.99718814e-01 -2.32942903e-02  4.43496523e-03]
 [ 2.32929946e-02  9.99728622e-01  3.43583385e-04]
 [-4.44176521e-03 -2.40183153e-04  9.99990106e-01]]
Translation of alignment:
[-12.29225147   2.88812995 -11.06327816]
Scale correction: 1.0
--------------------------------------------------------------------------------
Compared 1591 absolute pose pairs.
Calculating APE for translation part pose relation...
--------------------------------------------------------------------------------
APE w.r.t. translation part (m)
(with SE(3) Umeyama alignment)

       max      16.835654
      mean      6.571550
    median      4.608854
       min      1.615238
      rmse      8.011157
       sse      102108.201678
       std      4.581851

--------------------------------------------------------------------------------
Plotting results... 

evo_ape kitti 10.txt trajectory.txt -va --plot --plot_mode xyz
--------------------------------------------------------------------------------
Loaded 1201 poses from: 10.txt
Loaded 1201 poses from: trajectory.txt
--------------------------------------------------------------------------------
Aligning using Umeyama's method...
Rotation of alignment:
[[ 9.99559672e-01 -2.96673697e-02 -5.56775835e-04]
 [ 2.95996114e-02  9.98240853e-01 -5.13718046e-02]
 [ 2.07986270e-03  5.13327038e-02  9.98679442e-01]]
Translation of alignment:
[-1.50761035 -4.36833984 -0.68877922]
Scale correction: 1.0
--------------------------------------------------------------------------------
Compared 1201 absolute pose pairs.
Calculating APE for translation part pose relation...
--------------------------------------------------------------------------------
APE w.r.t. translation part (m)
(with SE(3) Umeyama alignment)

       max      4.822178
      mean      1.616021
    median      1.473766
       min      0.325711
      rmse      1.856091
       sse      4137.535276
       std      0.912991

--------------------------------------------------------------------------------
Plotting results... 