evo_ape kitti 05.txt trajectory.txt -va --plot --plot_mode xz 
--------------------------------------------------------------------------------
Loaded 2761 poses from: 05.txt
Loaded 2761 poses from: trajectory.txt
--------------------------------------------------------------------------------
Aligning using Umeyama's method...
Rotation of alignment:
[[ 9.99815439e-01  2.19693182e-04  1.92104170e-02]
 [-3.50123058e-04  9.99976911e-01  6.78643931e-03]
 [-1.92084825e-02 -6.79191280e-03  9.99792431e-01]]
Translation of alignment:
[-1.88512318 -0.01115699 -0.41341826]
Scale correction: 1.0
--------------------------------------------------------------------------------
Compared 2761 absolute pose pairs.
Calculating APE for translation part pose relation...
--------------------------------------------------------------------------------
APE w.r.t. translation part (m)
(with SE(3) Umeyama alignment)

       max	5.522328
      mean	2.379925
    median	2.252738
       min	1.031616
      rmse	2.547237
       sse	17914.521478
       std	0.907950

--------------------------------------------------------------------------------
Plotting results... 

evo_ape kitti 07.txt trajectory.txt -va --plot --plot_mode xz 
--------------------------------------------------------------------------------
Loaded 1101 poses from: 07.txt
Loaded 1101 poses from: trajectory.txt
--------------------------------------------------------------------------------
Aligning using Umeyama's method...
Rotation of alignment:
[[ 9.99563754e-01  9.93826005e-03  2.78124425e-02]
 [-9.91329123e-03  9.99950326e-01 -1.03549961e-03]
 [-2.78213520e-02  7.59335032e-04  9.99612623e-01]]
Translation of alignment:
[-2.53907912 -0.89684807 -2.99675453]
Scale correction: 1.0
--------------------------------------------------------------------------------
Compared 1101 absolute pose pairs.
Calculating APE for translation part pose relation...
--------------------------------------------------------------------------------
APE w.r.t. translation part (m)
(with SE(3) Umeyama alignment)

       max	4.028870
      mean	1.524130
    median	1.186002
       min	0.236265
      rmse	1.816679
       sse	3633.655555
       std	0.988611

--------------------------------------------------------------------------------
Plotting results... 

evo_ape kitti 08.txt trajectory.txt -va --plot --plot_mode xz
--------------------------------------------------------------------------------
Loaded 4071 poses from: 08.txt
Loaded 4071 poses from: trajectory.txt
--------------------------------------------------------------------------------
Aligning using Umeyama's method...
Rotation of alignment:
[[ 0.99706532  0.07240387 -0.0248681 ]
 [-0.0740806   0.99443711 -0.07487924]
 [ 0.01930822  0.07650174  0.99688248]]
Translation of alignment:
[-0.54421041 -4.12857659 -5.3549813 ]
Scale correction: 1.0
--------------------------------------------------------------------------------
Compared 4071 absolute pose pairs.
Calculating APE for translation part pose relation...
--------------------------------------------------------------------------------
APE w.r.t. translation part (m)
(with SE(3) Umeyama alignment)

       max	12.329400
      mean	4.823513
    median	4.211236
       min	1.605107
      rmse	5.325994
       sse	115478.837530
       std	2.258303

--------------------------------------------------------------------------------
Plotting results... 

evo_ape kitti 09.txt trajectory.txt -va --plot --plot_mode xz 
--------------------------------------------------------------------------------
Loaded 1591 poses from: 09.txt
Loaded 1591 poses from: trajectory.txt
--------------------------------------------------------------------------------
Aligning using Umeyama's method...
Rotation of alignment:
[[ 0.99910066 -0.042231    0.00379622]
 [ 0.04234019  0.998459   -0.03587374]
 [-0.00227538  0.03600221  0.99934912]]
Translation of alignment:
[-8.65054026 11.62534979 -7.65681968]
Scale correction: 1.0
--------------------------------------------------------------------------------
Compared 1591 absolute pose pairs.
Calculating APE for translation part pose relation...
--------------------------------------------------------------------------------
APE w.r.t. translation part (m)
(with SE(3) Umeyama alignment)

       max	16.389249
      mean	5.990807
    median	4.399291
       min	1.931891
      rmse	7.084502
       sse	79852.548114
       std	3.781585

--------------------------------------------------------------------------------
Plotting results... 
